# Made in Blockbench 4.12.5
mtllib fu_ti_block.mtl

o cube16
v 0.1875 0.9975786271059548 0.9597125705270296
v 0.1875 1.0403976522121474 0.831367889044718
v 0.1875 -0.01634435660430733 0.6214422721881082
v 0.1875 0.02647466850188529 0.49309759070579656
v 0.0625 1.0403976522121474 0.831367889044718
v 0.0625 0.9975786271059548 0.9597125705270296
v 0.0625 0.02647466850188529 0.49309759070579656
v 0.0625 -0.01634435660430733 0.6214422721881082
vt 0 1
vt 0.25 1
vt 0.25 0.6623931249999999
vt 0 0.6623931249999999
vt 0 1
vt 0.25 1
vt 0.25 0.6623931249999999
vt 0 0.6623931249999999
vt 0 1
vt 0.25 1
vt 0.25 0.6623931249999999
vt 0 0.6623931249999999
vt 0 1
vt 0.25 1
vt 0.25 0.6623931249999999
vt 0 0.6623931249999999
vt 0 1
vt 0.125 1
vt 0.125 0.958333125
vt 0 0.958333125
vt 0 1
vt 0.125 1
vt 0.125 0.958333125
vt 0 0.958333125
vn 0 0.3164769671815861 -0.9486001946255045
vn 1 0 0
vn 0 -0.3164769671815861 0.9486001946255045
vn -1 0 0
vn 0 0.9486001946255045 0.3164769671815861
vn 0 -0.9486001946255045 -0.3164769671815861
usemtl fu_ti_block
f 4/4/1 7/3/1 5/2/1 2/1/1
f 3/8/2 4/7/2 2/6/2 1/5/2
f 8/12/3 3/11/3 1/10/3 6/9/3
f 7/16/4 8/15/4 6/14/4 5/13/4
f 6/20/5 1/19/5 2/18/5 5/17/5
f 7/24/6 4/23/6 3/22/6 8/21/6
o cube12
v 0.8125 0.972867780773101 0.895277800226818
v 0.8125 0.9662465008420541 0.8017619130627927
v 0.8125 0.8793518936090757 0.9018990801578648
v 0.8125 0.8727306136780288 0.8083831929938395
v 0.15625 0.9662465008420541 0.8017619130627927
v 0.15625 0.972867780773101 0.895277800226818
v 0.15625 0.8727306136780288 0.8083831929938395
v 0.15625 0.8793518936090757 0.9018990801578648
vt 0 1
vt 0.75 1
vt 0.75 0.958333125
vt 0 0.958333125
vt 0 1
vt 0.75 1
vt 0.75 0.958333125
vt 0 0.958333125
vt 0 1
vt 0.75 1
vt 0.75 0.958333125
vt 0 0.958333125
vt 0 1
vt 0.75 1
vt 0.75 0.958333125
vt 0 0.958333125
vt 0 1
vt 0.75 1
vt 0.75 0.958333125
vt 0 0.958333125
vt 0 1
vt 0.75 1
vt 0.75 0.958333125
vt 0 0.958333125
vn 0 -0.0706269859311667 -0.9975027964162703
vn 1 0 0
vn 0 0.0706269859311667 0.9975027964162703
vn -1 0 0
vn 0 0.9975027964162703 -0.0706269859311667
vn 0 -0.9975027964162703 0.0706269859311667
usemtl fu_ti_block
f 12/28/7 15/27/7 13/26/7 10/25/7
f 11/32/8 12/31/8 10/30/8 9/29/8
f 16/36/9 11/35/9 9/34/9 14/33/9
f 15/40/10 16/39/10 14/38/10 13/37/10
f 14/44/11 9/43/11 10/42/11 13/41/11
f 15/48/12 12/47/12 11/46/12 16/45/12
o cube13
v 0.8125 0.20377329701258343 0.6521143969891129
v 0.8125 0.19715201708153657 0.5585985098250875
v 0.8125 0.11025740984855811 0.6587356769201598
v 0.8125 0.10363612991751124 0.5652197897561344
v 0.15625 0.19715201708153657 0.5585985098250875
v 0.15625 0.20377329701258343 0.6521143969891129
v 0.15625 0.10363612991751124 0.5652197897561344
v 0.15625 0.11025740984855811 0.6587356769201598
vt 0 1
vt 0.75 1
vt 0.75 0.958333125
vt 0 0.958333125
vt 0 1
vt 0.75 1
vt 0.75 0.958333125
vt 0 0.958333125
vt 0 1
vt 0.75 1
vt 0.75 0.958333125
vt 0 0.958333125
vt 0 1
vt 0.75 1
vt 0.75 0.958333125
vt 0 0.958333125
vt 0 1
vt 0.75 1
vt 0.75 0.958333125
vt 0 0.958333125
vt 0 1
vt 0.75 1
vt 0.75 0.958333125
vt 0 0.958333125
vn 0 -0.0706269859311667 -0.9975027964162703
vn 1 0 0
vn 0 0.0706269859311667 0.9975027964162703
vn -1 0 0
vn 0 0.9975027964162703 -0.0706269859311667
vn 0 -0.9975027964162703 0.0706269859311667
usemtl fu_ti_block
f 20/52/13 23/51/13 21/50/13 18/49/13
f 19/56/14 20/55/14 18/54/14 17/53/14
f 24/60/15 19/59/15 17/58/15 22/57/15
f 23/64/16 24/63/16 22/62/16 21/61/16
f 22/68/17 17/67/17 18/66/17 21/65/17
f 23/72/18 20/71/18 19/70/18 24/69/18
o cube14
v 0.8125 0.46065311337183734 0.7404423226255499
v 0.8125 0.4540318334407905 0.6469264354615245
v 0.8125 0.3671372262078121 0.7470636025565967
v 0.8125 0.3605159462767652 0.6535477153925714
v 0.15625 0.4540318334407905 0.6469264354615245
v 0.15625 0.46065311337183734 0.7404423226255499
v 0.15625 0.3605159462767652 0.6535477153925714
v 0.15625 0.3671372262078121 0.7470636025565967
vt 0 1
vt 0.75 1
vt 0.75 0.958333125
vt 0 0.958333125
vt 0 1
vt 0.75 1
vt 0.75 0.958333125
vt 0 0.958333125
vt 0 1
vt 0.75 1
vt 0.75 0.958333125
vt 0 0.958333125
vt 0 1
vt 0.75 1
vt 0.75 0.958333125
vt 0 0.958333125
vt 0 1
vt 0.75 1
vt 0.75 0.958333125
vt 0 0.958333125
vt 0 1
vt 0.75 1
vt 0.75 0.958333125
vt 0 0.958333125
vn 0 -0.0706269859311667 -0.9975027964162703
vn 1 0 0
vn 0 0.0706269859311667 0.9975027964162703
vn -1 0 0
vn 0 0.9975027964162703 -0.0706269859311667
vn 0 -0.9975027964162703 0.0706269859311667
usemtl fu_ti_block
f 28/76/19 31/75/19 29/74/19 26/73/19
f 27/80/20 28/79/20 26/78/20 25/77/20
f 32/84/21 27/83/21 25/82/21 30/81/21
f 31/88/22 32/87/22 30/86/22 29/85/22
f 30/92/23 25/91/23 26/90/23 29/89/23
f 31/96/24 28/95/24 27/94/24 32/93/24
o cube15
v 0.8125 0.7175329297310913 0.8287702482619871
v 0.8125 0.7109116498000445 0.7352543610979617
v 0.8125 0.624017042567066 0.835391528193034
v 0.8125 0.6173957626360191 0.7418756410290086
v 0.15625 0.7109116498000445 0.7352543610979617
v 0.15625 0.7175329297310913 0.8287702482619871
v 0.15625 0.6173957626360191 0.7418756410290086
v 0.15625 0.624017042567066 0.835391528193034
vt 0 1
vt 0.75 1
vt 0.75 0.958333125
vt 0 0.958333125
vt 0 1
vt 0.75 1
vt 0.75 0.958333125
vt 0 0.958333125
vt 0 1
vt 0.75 1
vt 0.75 0.958333125
vt 0 0.958333125
vt 0 1
vt 0.75 1
vt 0.75 0.958333125
vt 0 0.958333125
vt 0 1
vt 0.75 1
vt 0.75 0.958333125
vt 0 0.958333125
vt 0 1
vt 0.75 1
vt 0.75 0.958333125
vt 0 0.958333125
vn 0 -0.0706269859311667 -0.9975027964162703
vn 1 0 0
vn 0 0.0706269859311667 0.9975027964162703
vn -1 0 0
vn 0 0.9975027964162703 -0.0706269859311667
vn 0 -0.9975027964162703 0.0706269859311667
usemtl fu_ti_block
f 36/100/25 39/99/25 37/98/25 34/97/25
f 35/104/26 36/103/26 34/102/26 33/101/26
f 40/108/27 35/107/27 33/106/27 38/105/27
f 39/112/28 40/111/28 38/110/28 37/109/28
f 38/116/29 33/115/29 34/114/29 37/113/29
f 39/120/30 36/119/30 35/118/30 40/117/30
o cube17
v 0.9375 0.9975786271059548 0.9597125705270296
v 0.9375 1.0403976522121474 0.831367889044718
v 0.9375 -0.01634435660430733 0.6214422721881082
v 0.9375 0.02647466850188529 0.49309759070579656
v 0.8125 1.0403976522121474 0.831367889044718
v 0.8125 0.9975786271059548 0.9597125705270296
v 0.8125 0.02647466850188529 0.49309759070579656
v 0.8125 -0.01634435660430733 0.6214422721881082
vt 0 1
vt 0.25 1
vt 0.25 0.6623931249999999
vt 0 0.6623931249999999
vt 0 1
vt 0.25 1
vt 0.25 0.6623931249999999
vt 0 0.6623931249999999
vt 0 1
vt 0.25 1
vt 0.25 0.6623931249999999
vt 0 0.6623931249999999
vt 0 1
vt 0.25 1
vt 0.25 0.6623931249999999
vt 0 0.6623931249999999
vt 0 1
vt 0.125 1
vt 0.125 0.958333125
vt 0 0.958333125
vt 0 1
vt 0.125 1
vt 0.125 0.958333125
vt 0 0.958333125
vn 0 0.3164769671815861 -0.9486001946255045
vn 1 0 0
vn 0 -0.3164769671815861 0.9486001946255045
vn -1 0 0
vn 0 0.9486001946255045 0.3164769671815861
vn 0 -0.9486001946255045 -0.3164769671815861
usemtl fu_ti_block
f 44/124/31 47/123/31 45/122/31 42/121/31
f 43/128/32 44/127/32 42/126/32 41/125/32
f 48/132/33 43/131/33 41/130/33 46/129/33
f 47/136/34 48/135/34 46/134/34 45/133/34
f 46/140/35 41/139/35 42/138/35 45/137/35
f 47/144/36 44/143/36 43/142/36 48/141/36