# Made in Blockbench 4.12.3
mtllib fu_ti_block.mtl

o cube0
v 0.1875 -0.976282632698111 -0.1367661819539603
v 0.0625 -0.976282632698111 -0.1367661819539603
v 0.0625 2.027004555490132 0.8652062256822751
v 0.1875 2.027004555490132 0.8652062256822751
v 0.1875 -1.0191019663577792 -0.008420575621129384
v 0.1875 1.9841852218304634 0.993551832015106
v 0.0625 -1.0191019663577792 -0.008420575621129384
v 0.0625 1.9841852218304634 0.993551832015106
vt 0 0
vt 0.25 0
vt 0.25 1
vt 0 1
vt 0 0
vt 0.25 0
vt 0.25 1
vt 0 1
vt 0 0
vt 0.25 0
vt 0.25 1
vt 0 1
vt 0 0
vt 0.25 0
vt 0.25 1
vt 0 1
vt 0 0.958333125
vt 0.125 0.958333125
vt 0.125 1
vt 0 1
vt 0 0.958333125
vt 0.125 0.958333125
vt 0.125 1
vt 0 1
vn 0 0.3164769671815831 -0.9486001946255058
vn 1 0 0
vn 0 -0.3164769671815831 0.9486001946255058
vn -1 0 0
vn 0 0.9486001946255049 0.31647696718158524
vn 0 -0.9486001946255057 -0.31647696718158297
usemtl fu_ti_block
f 1/1/1 2/2/1 3/3/1 4/4/1
f 5/5/2 1/6/2 4/7/2 6/8/2
f 7/9/3 5/10/3 6/11/3 8/12/3
f 2/13/4 7/14/4 8/15/4 3/16/4
f 8/17/5 6/18/5 4/19/5 3/20/5
f 2/21/6 1/22/6 5/23/6 7/24/6
o cube1
v 0.9375 -0.976282632698111 -0.1367661819539603
v 0.8125 -0.976282632698111 -0.1367661819539603
v 0.8125 2.027004555490132 0.8652062256822751
v 0.9375 2.027004555490132 0.8652062256822751
v 0.9375 -1.0191019663577792 -0.008420575621129384
v 0.9375 1.9841852218304634 0.993551832015106
v 0.8125 -1.0191019663577792 -0.008420575621129384
v 0.8125 1.9841852218304634 0.993551832015106
vt 0 0
vt 0.25 0
vt 0.25 1
vt 0 1
vt 0 0
vt 0.25 0
vt 0.25 1
vt 0 1
vt 0 0
vt 0.25 0
vt 0.25 1
vt 0 1
vt 0 0
vt 0.25 0
vt 0.25 1
vt 0 1
vt 0 0.958333125
vt 0.125 0.958333125
vt 0.125 1
vt 0 1
vt 0 0.958333125
vt 0.125 0.958333125
vt 0.125 1
vt 0 1
vn 0 0.3164769671815831 -0.9486001946255058
vn 1 0 0
vn 0 -0.3164769671815831 0.9486001946255058
vn -1 0 0
vn 0 0.9486001946255049 0.31647696718158524
vn 0 -0.9486001946255057 -0.31647696718158297
usemtl fu_ti_block
f 9/25/7 10/26/7 11/27/7 12/28/7
f 13/29/8 9/30/8 12/31/8 14/32/8
f 15/33/9 13/34/9 14/35/9 16/36/9
f 10/37/10 15/38/10 16/39/10 11/40/10
f 16/41/11 14/42/11 12/43/11 11/44/11
f 10/45/12 9/46/12 13/47/12 15/48/12
o cube5
v 0.8125 0.8337901153451603 0.5169597489452864
v 0.15625 0.8337901153451603 0.5169597489452864
v 0.15625 0.9273060025091857 0.5103384690142393
v 0.8125 0.9273060025091857 0.5103384690142393
v 0.8125 0.8404113952762076 0.6104756361093118
v 0.8125 0.9339272824402327 0.6038543561782646
v 0.15625 0.8404113952762076 0.6104756361093118
v 0.15625 0.9339272824402327 0.6038543561782646
vt 0 0.958333125
vt 0.75 0.958333125
vt 0.75 1
vt 0 1
vt 0 0.958333125
vt 0.75 0.958333125
vt 0.75 1
vt 0 1
vt 0 0.958333125
vt 0.75 0.958333125
vt 0.75 1
vt 0 1
vt 0 0.958333125
vt 0.75 0.958333125
vt 0.75 1
vt 0 1
vt 0 0.958333125
vt 0.75 0.958333125
vt 0.75 1
vt 0 1
vt 0 0.958333125
vt 0.75 0.958333125
vt 0.75 1
vt 0 1
vn 0 -0.0706269859311691 -0.9975027964162699
vn 1 0 0
vn 0 0.07062698593117045 0.9975027964162698
vn -1 0 0
vn 0 0.99750279641627 -0.07062698593116801
vn 0 -0.99750279641627 0.0706269859311703
usemtl fu_ti_block
f 17/49/13 18/50/13 19/51/13 20/52/13
f 21/53/14 17/54/14 20/55/14 22/56/14
f 23/57/15 21/58/15 22/59/15 24/60/15
f 18/61/16 23/62/16 24/63/16 19/64/16
f 24/65/17 22/66/17 20/67/17 19/68/17
f 18/69/18 17/70/18 21/71/18 23/72/18
o cube10
v 0.8125 1.8593229968028626 0.8422166853418237
v 0.15625 1.8593229968028626 0.8422166853418237
v 0.15625 1.952838883966888 0.8355954054107766
v 0.8125 1.952838883966888 0.8355954054107766
v 0.8125 1.8659442767339098 0.935732572505849
v 0.8125 1.9594601638979352 0.9291112925748019
v 0.15625 1.8659442767339098 0.935732572505849
v 0.15625 1.9594601638979352 0.9291112925748019
vt 0 0.958333125
vt 0.75 0.958333125
vt 0.75 1
vt 0 1
vt 0 0.958333125
vt 0.75 0.958333125
vt 0.75 1
vt 0 1
vt 0 0.958333125
vt 0.75 0.958333125
vt 0.75 1
vt 0 1
vt 0 0.958333125
vt 0.75 0.958333125
vt 0.75 1
vt 0 1
vt 0 0.958333125
vt 0.75 0.958333125
vt 0.75 1
vt 0 1
vt 0 0.958333125
vt 0.75 0.958333125
vt 0.75 1
vt 0 1
vn 0 -0.0706269859311691 -0.9975027964162699
vn 1 0 0
vn 0 0.0706269859311691 0.9975027964162699
vn -1 0 0
vn 0 0.9975027964162698 -0.07062698593117037
vn 0 -0.9975027964162698 0.07062698593117037
usemtl fu_ti_block
f 25/73/19 26/74/19 27/75/19 28/76/19
f 29/77/20 25/78/20 28/79/20 30/80/20
f 31/81/21 29/82/21 30/83/21 32/84/21
f 26/85/22 31/86/22 32/87/22 27/88/22
f 32/89/23 30/90/23 28/91/23 27/92/23
f 26/93/24 25/94/24 29/95/24 31/96/24
o cube11
v 0.8125 1.0902285130423444 0.5990532821041209
v 0.15625 1.0902285130423444 0.5990532821041209
v 0.15625 1.1837444002063697 0.5924320021730738
v 0.8125 1.1837444002063697 0.5924320021730738
v 0.8125 1.0968497929733916 0.6925691692681462
v 0.8125 1.190365680137417 0.685947889337099
v 0.15625 1.0968497929733916 0.6925691692681462
v 0.15625 1.190365680137417 0.685947889337099
vt 0 0.958333125
vt 0.75 0.958333125
vt 0.75 1
vt 0 1
vt 0 0.958333125
vt 0.75 0.958333125
vt 0.75 1
vt 0 1
vt 0 0.958333125
vt 0.75 0.958333125
vt 0.75 1
vt 0 1
vt 0 0.958333125
vt 0.75 0.958333125
vt 0.75 1
vt 0 1
vt 0 0.958333125
vt 0.75 0.958333125
vt 0.75 1
vt 0 1
vt 0 0.958333125
vt 0.75 0.958333125
vt 0.75 1
vt 0 1
vn 0 -0.0706269859311691 -0.9975027964162699
vn 1 0 0
vn 0 0.0706269859311691 0.9975027964162699
vn -1 0 0
vn 0 0.9975027964162698 -0.07062698593117037
vn 0 -0.9975027964162698 0.07062698593117037
usemtl fu_ti_block
f 33/97/25 34/98/25 35/99/25 36/100/25
f 37/101/26 33/102/26 36/103/26 38/104/26
f 39/105/27 37/106/27 38/107/27 40/108/27
f 34/109/28 39/110/28 40/111/28 35/112/28
f 40/113/29 38/114/29 36/115/29 35/116/29
f 34/117/30 33/118/30 37/119/30 39/120/30
o cube12
v 0.8125 1.3471083294015984 0.6873812077405573
v 0.15625 1.3471083294015984 0.6873812077405573
v 0.15625 1.4406242165656238 0.6807599278095102
v 0.8125 1.4406242165656238 0.6807599278095102
v 0.8125 1.3537296093326456 0.7808970949045826
v 0.8125 1.447245496496671 0.7742758149735355
v 0.15625 1.3537296093326456 0.7808970949045826
v 0.15625 1.447245496496671 0.7742758149735355
vt 0 0.958333125
vt 0.75 0.958333125
vt 0.75 1
vt 0 1
vt 0 0.958333125
vt 0.75 0.958333125
vt 0.75 1
vt 0 1
vt 0 0.958333125
vt 0.75 0.958333125
vt 0.75 1
vt 0 1
vt 0 0.958333125
vt 0.75 0.958333125
vt 0.75 1
vt 0 1
vt 0 0.958333125
vt 0.75 0.958333125
vt 0.75 1
vt 0 1
vt 0 0.958333125
vt 0.75 0.958333125
vt 0.75 1
vt 0 1
vn 0 -0.0706269859311691 -0.9975027964162699
vn 1 0 0
vn 0 0.0706269859311691 0.9975027964162699
vn -1 0 0
vn 0 0.9975027964162698 -0.07062698593117037
vn 0 -0.9975027964162698 0.07062698593117037
usemtl fu_ti_block
f 41/121/31 42/122/31 43/123/31 44/124/31
f 45/125/32 41/126/32 44/127/32 46/128/32
f 47/129/33 45/130/33 46/131/33 48/132/33
f 42/133/34 47/134/34 48/135/34 43/136/34
f 48/137/35 46/138/35 44/139/35 43/140/35
f 42/141/36 41/142/36 45/143/36 47/144/36
o cube13
v 0.8125 1.603988145760853 0.7757091333769934
v 0.15625 1.603988145760853 0.7757091333769934
v 0.15625 1.6975040329248783 0.7690878534459463
v 0.8125 1.6975040329248783 0.7690878534459463
v 0.8125 1.6106094256919001 0.8692250205410188
v 0.8125 1.7041253128559255 0.8626037406099716
v 0.15625 1.6106094256919001 0.8692250205410188
v 0.15625 1.7041253128559255 0.8626037406099716
vt 0 0.958333125
vt 0.75 0.958333125
vt 0.75 1
vt 0 1
vt 0 0.958333125
vt 0.75 0.958333125
vt 0.75 1
vt 0 1
vt 0 0.958333125
vt 0.75 0.958333125
vt 0.75 1
vt 0 1
vt 0 0.958333125
vt 0.75 0.958333125
vt 0.75 1
vt 0 1
vt 0 0.958333125
vt 0.75 0.958333125
vt 0.75 1
vt 0 1
vt 0 0.958333125
vt 0.75 0.958333125
vt 0.75 1
vt 0 1
vn 0 -0.0706269859311691 -0.9975027964162699
vn 1 0 0
vn 0 0.0706269859311703 0.99750279641627
vn -1 0 0
vn 0 0.9975027964162698 -0.07062698593117037
vn 0 -0.99750279641627 0.0706269859311703
usemtl fu_ti_block
f 49/145/37 50/146/37 51/147/37 52/148/37
f 53/149/38 49/150/38 52/151/38 54/152/38
f 55/153/39 53/154/39 54/155/39 56/156/39
f 50/157/40 55/158/40 56/159/40 51/160/40
f 56/161/41 54/162/41 52/163/41 51/164/41
f 50/165/42 49/166/42 53/167/42 55/168/42
o cube4
v 0.8125 0.5766895896548712 0.4255146270700493
v 0.15625 0.5766895896548712 0.4255146270700493
v 0.15625 0.6702054768188965 0.4188933471390021
v 0.8125 0.6702054768188965 0.4188933471390021
v 0.8125 0.5833108695859184 0.5190305142340745
v 0.8125 0.6768267567499435 0.5124092343030274
v 0.15625 0.5833108695859184 0.5190305142340745
v 0.15625 0.6768267567499435 0.5124092343030274
vt 0 0.958333125
vt 0.75 0.958333125
vt 0.75 1
vt 0 1
vt 0 0.958333125
vt 0.75 0.958333125
vt 0.75 1
vt 0 1
vt 0 0.958333125
vt 0.75 0.958333125
vt 0.75 1
vt 0 1
vt 0 0.958333125
vt 0.75 0.958333125
vt 0.75 1
vt 0 1
vt 0 0.958333125
vt 0.75 0.958333125
vt 0.75 1
vt 0 1
vt 0 0.958333125
vt 0.75 0.958333125
vt 0.75 1
vt 0 1
vn 0 -0.0706269859311697 -0.9975027964162699
vn 1 0 0
vn 0 0.07062698593116927 0.9975027964162699
vn -1 0 0
vn 0 0.9975027964162702 -0.07062698593116798
vn 0 -0.9975027964162698 0.07062698593117037
usemtl fu_ti_block
f 57/169/43 58/170/43 59/171/43 60/172/43
f 61/173/44 57/174/44 60/175/44 62/176/44
f 63/177/45 61/178/45 62/179/45 64/180/45
f 58/181/46 63/182/46 64/183/46 59/184/46
f 64/185/47 62/186/47 60/187/47 59/188/47
f 58/189/48 57/190/48 61/191/48 63/192/48
o cube3
v 0.8125 0.3206926106197565 0.3496554863888165
v 0.15625 0.3206926106197565 0.3496554863888165
v 0.15625 0.4142084977837819 0.34303420645776933
v 0.8125 0.4142084977837819 0.34303420645776933
v 0.8125 0.32731389055080373 0.4431713735528418
v 0.8125 0.4208297777148289 0.43655009362179464
v 0.15625 0.32731389055080373 0.4431713735528418
v 0.15625 0.4208297777148289 0.43655009362179464
vt 0 0.958333125
vt 0.75 0.958333125
vt 0.75 1
vt 0 1
vt 0 0.958333125
vt 0.75 0.958333125
vt 0.75 1
vt 0 1
vt 0 0.958333125
vt 0.75 0.958333125
vt 0.75 1
vt 0 1
vt 0 0.958333125
vt 0.75 0.958333125
vt 0.75 1
vt 0 1
vt 0 0.958333125
vt 0.75 0.958333125
vt 0.75 1
vt 0 1
vt 0 0.958333125
vt 0.75 0.958333125
vt 0.75 1
vt 0 1
vn 0 -0.0706269859311697 -0.9975027964162699
vn 1 0 0
vn 0 0.07062698593116987 0.9975027964162699
vn -1 0 0
vn 0 0.9975027964162702 -0.07062698593116798
vn 0 -0.9975027964162698 0.07062698593117032
usemtl fu_ti_block
f 65/193/49 66/194/49 67/195/49 68/196/49
f 69/197/50 65/198/50 68/199/50 70/200/50
f 71/201/51 69/202/51 70/203/51 72/204/51
f 66/205/52 71/206/52 72/207/52 67/208/52
f 72/209/53 70/210/53 68/211/53 67/212/53
f 66/213/54 65/214/54 69/215/54 71/216/54
o cube2
v 0.8125 0.06359208492946733 0.2582103645135795
v 0.15625 0.06359208492946733 0.2582103645135795
v 0.15625 0.1571079720934927 0.2515890845825323
v 0.8125 0.1571079720934927 0.2515890845825323
v 0.8125 0.07021336486051455 0.3517262516776048
v 0.8125 0.1637292520245397 0.34510497174655763
v 0.15625 0.07021336486051455 0.3517262516776048
v 0.15625 0.1637292520245397 0.34510497174655763
vt 0 0.958333125
vt 0.75 0.958333125
vt 0.75 1
vt 0 1
vt 0 0.958333125
vt 0.75 0.958333125
vt 0.75 1
vt 0 1
vt 0 0.958333125
vt 0.75 0.958333125
vt 0.75 1
vt 0 1
vt 0 0.958333125
vt 0.75 0.958333125
vt 0.75 1
vt 0 1
vt 0 0.958333125
vt 0.75 0.958333125
vt 0.75 1
vt 0 1
vt 0 0.958333125
vt 0.75 0.958333125
vt 0.75 1
vt 0 1
vn 0 -0.0706269859311697 -0.9975027964162699
vn 1 0 0
vn 0 0.07062698593116987 0.9975027964162699
vn -1 0 0
vn 0 0.9975027964162702 -0.07062698593116798
vn 0 -0.9975027964162698 0.07062698593117032
usemtl fu_ti_block
f 73/217/55 74/218/55 75/219/55 76/220/55
f 77/221/56 73/222/56 76/223/56 78/224/56
f 79/225/57 77/226/57 78/227/57 80/228/57
f 74/229/58 79/230/58 80/231/58 75/232/58
f 80/233/59 78/234/59 76/235/59 75/236/59
f 74/237/60 73/238/60 77/239/60 79/240/60
o cube6
v 0.8125 -0.19350844076082174 0.1667652426383426
v 0.15625 -0.19350844076082174 0.1667652426383426
v 0.15625 -0.09999255359679649 0.16014396270729542
v 0.8125 -0.09999255359679649 0.16014396270729542
v 0.8125 -0.18688716082977463 0.2602811298023678
v 0.8125 -0.09337127366574927 0.2536598498713206
v 0.15625 -0.18688716082977463 0.2602811298023678
v 0.15625 -0.09337127366574927 0.2536598498713206
vt 0 0.958333125
vt 0.75 0.958333125
vt 0.75 1
vt 0 1
vt 0 0.958333125
vt 0.75 0.958333125
vt 0.75 1
vt 0 1
vt 0 0.958333125
vt 0.75 0.958333125
vt 0.75 1
vt 0 1
vt 0 0.958333125
vt 0.75 0.958333125
vt 0.75 1
vt 0 1
vt 0 0.958333125
vt 0.75 0.958333125
vt 0.75 1
vt 0 1
vt 0 0.958333125
vt 0.75 0.958333125
vt 0.75 1
vt 0 1
vn 0 -0.07062698593117007 -0.99750279641627
vn 1 0 0
vn 0 0.0706269859311697 0.9975027964162699
vn -1 0 0
vn 0 0.9975027964162698 -0.07062698593117041
vn 0 -0.9975027964162699 0.07062698593116926
usemtl fu_ti_block
f 81/241/61 82/242/61 83/243/61 84/244/61
f 85/245/62 81/246/62 84/247/62 86/248/62
f 87/249/63 85/250/63 86/251/63 88/252/63
f 82/253/64 87/254/64 88/255/64 83/256/64
f 88/257/65 86/258/65 84/259/65 83/260/65
f 82/261/66 81/262/66 85/263/66 87/264/66
o cube9
v 0.8125 -0.4501675477890411 0.08155451324070719
v 0.15625 -0.4501675477890411 0.08155451324070719
v 0.15625 -0.35665166062501585 0.07493323330966001
v 0.8125 -0.35665166062501585 0.07493323330966001
v 0.8125 -0.443546267857994 0.17507040040473248
v 0.8125 -0.35003038069396863 0.16844912047368532
v 0.15625 -0.443546267857994 0.17507040040473248
v 0.15625 -0.35003038069396863 0.16844912047368532
vt 0 0.958333125
vt 0.75 0.958333125
vt 0.75 1
vt 0 1
vt 0 0.958333125
vt 0.75 0.958333125
vt 0.75 1
vt 0 1
vt 0 0.958333125
vt 0.75 0.958333125
vt 0.75 1
vt 0 1
vt 0 0.958333125
vt 0.75 0.958333125
vt 0.75 1
vt 0 1
vt 0 0.958333125
vt 0.75 0.958333125
vt 0.75 1
vt 0 1
vt 0 0.958333125
vt 0.75 0.958333125
vt 0.75 1
vt 0 1
vn 0 -0.07062698593116992 -0.9975027964162699
vn 1 0 0
vn 0 0.0706269859311697 0.9975027964162699
vn -1 0 0
vn 0 0.9975027964162698 -0.07062698593117032
vn 0 -0.9975027964162699 0.07062698593116916
usemtl fu_ti_block
f 89/265/67 90/266/67 91/267/67 92/268/67
f 93/269/68 89/270/68 92/271/68 94/272/68
f 95/273/69 93/274/69 94/275/69 96/276/69
f 90/277/70 95/278/70 96/279/70 91/280/70
f 96/281/71 94/282/71 92/283/71 91/284/71
f 90/285/72 89/286/72 93/287/72 95/288/72
o cube8
v 0.8125 -0.7066059454862257 -0.0005390199181274772
v 0.15625 -0.7066059454862257 -0.0005390199181274772
v 0.15625 -0.6130900583222004 -0.007160299849174651
v 0.8125 -0.6130900583222004 -0.007160299849174651
v 0.8125 -0.6999846655551785 0.09297686724589793
v 0.8125 -0.6064687783911532 0.08635558731485075
v 0.15625 -0.6999846655551785 0.09297686724589793
v 0.15625 -0.6064687783911532 0.08635558731485075
vt 0 0.958333125
vt 0.75 0.958333125
vt 0.75 1
vt 0 1
vt 0 0.958333125
vt 0.75 0.958333125
vt 0.75 1
vt 0 1
vt 0 0.958333125
vt 0.75 0.958333125
vt 0.75 1
vt 0 1
vt 0 0.958333125
vt 0.75 0.958333125
vt 0.75 1
vt 0 1
vt 0 0.958333125
vt 0.75 0.958333125
vt 0.75 1
vt 0 1
vt 0 0.958333125
vt 0.75 0.958333125
vt 0.75 1
vt 0 1
vn 0 -0.0706269859311699 -0.9975027964162699
vn 1 0 0
vn 0 0.07062698593116988 0.99750279641627
vn -1 0 0
vn 0 0.99750279641627 -0.07062698593117027
vn 0 -0.9975027964162699 0.07062698593116967
usemtl fu_ti_block
f 97/289/73 98/290/73 99/291/73 100/292/73
f 101/293/74 97/294/74 100/295/74 102/296/74
f 103/297/75 101/298/75 102/299/75 104/300/75
f 98/301/76 103/302/76 104/303/76 99/304/76
f 104/305/77 102/306/77 100/307/77 99/308/77
f 98/309/78 97/310/78 101/311/78 103/312/78
o cube7
v 0.8125 -0.930548124809192 -0.0661364689545058
v 0.15625 -0.930548124809192 -0.0661364689545058
v 0.15625 -0.8370322376451668 -0.07275774888555298
v 0.8125 -0.8370322376451668 -0.07275774888555298
v 0.8125 -0.9239268448781448 0.0273794182095195
v 0.8125 -0.8304109577141195 0.020758138278472324
v 0.15625 -0.9239268448781448 0.0273794182095195
v 0.15625 -0.8304109577141195 0.020758138278472324
vt 0 0.958333125
vt 0.75 0.958333125
vt 0.75 1
vt 0 1
vt 0 0.958333125
vt 0.75 0.958333125
vt 0.75 1
vt 0 1
vt 0 0.958333125
vt 0.75 0.958333125
vt 0.75 1
vt 0 1
vt 0 0.958333125
vt 0.75 0.958333125
vt 0.75 1
vt 0 1
vt 0 0.958333125
vt 0.75 0.958333125
vt 0.75 1
vt 0 1
vt 0 0.958333125
vt 0.75 0.958333125
vt 0.75 1
vt 0 1
vn 0 -0.07062698593116991 -0.9975027964162699
vn 1 0 0
vn 0 0.07062698593116991 0.9975027964162699
vn -1 0 0
vn 0 0.99750279641627 -0.07062698593117006
vn 0 -0.99750279641627 0.07062698593117006
usemtl fu_ti_block
f 105/313/79 106/314/79 107/315/79 108/316/79
f 109/317/80 105/318/80 108/319/80 110/320/80
f 111/321/81 109/322/81 110/323/81 112/324/81
f 106/325/82 111/326/82 112/327/82 107/328/82
f 112/329/83 110/330/83 108/331/83 107/332/83
f 106/333/84 105/334/84 109/335/84 111/336/84